01 16 60 00 01 00 00 7F 12 00 30 30 47 00 20 E2
82 08 00 20 30 00 00 00 00 01 00 62 51 46 21 07
29 15 56 36 01 00 60 10 08 00 40 00 01 00 04 24
FB F5 FB 9D 83 3D 58 A2 0D D1 D4 9C 3A AE 4F C8
F8 C7 D0 0D D8 C4 6F 9C 30 31 30 30 30 31 33 37
00 10 00 02 44 47 00 01 08 00 10 00 02 44 47 00
01 00 43 00 41 04 03 62 51 44 54 4F 02 54 00 00
00 00 00 80 62 51 45 54 4F 01 60 00 00 00 00 00
80 62 51 45 54 4F 01 73 00 00 00 00 00 80 09 86
00 77 00 75 07 82 02 18 00 9F 27 01 80 9F 26 08
EE 61 2F 33 2B 8D 41 80 9F 36 02 26 38 95 05 80
80 00 00 00 9F 34 03 1E 03 00 9F 37 04 D5 0F 6A
A0 9F 33 03 E0 E8 C0 5F 28 02 08 40 9F 10 07 06
01 0A 03 A2 60 C0 9A 03 21 07 29 5F 34 01 01 00
55 00 13 01 43 41 30 38 37 49 53 4D 4F 34 31 54
00 03 14 00 03 00 11 19 50 47 30 30 32 38 32 37
30 30 00 20 21 16 37 32 30 30 30 31 31 37 30 35
30 31 33 38 33 35 01 00 						